091990
028300
068760
196170
096530
263750
247540
032500
035760
253450
095700
145020
036490
058470
240810
084990
036830
140410
298380
084850
098460
005290
078340
056190
200130
235980
034230
030190
060250
039030
041960
085660
064760
086450
214150
067630
278280
218410
215600
000250
178920
086900
213420
268600
237690
066970
025980
204270
046890
036540
290650
039200
082270
214370
067160
183490
108230
028150
101490
112040
078130
069080
025900
083790
092190
065660
035900
086520
115450
141080
090460
022100
033640
003380
035600
267980
092040
078070
084370
108320
122870
284620
144510
036810
095660
007390
230360
174900
214450
097520
060720
058820
088800
263050
294140
243070
032620
042000
041510
178320
078600
032190
031390
151910
033290
003800
053800
048530
091700
102710
052260
950160
138080
048410
200230
046440
078160
068240
245620
215000
206640
048260
029960
215200
045390
089980
131970
095610
182400
053030
272290
230240
131370
023890
039840
166090
041140
030520
192440
053580
119860
006730
122990
321550
293780
319660
084110
263720
214870
102940
153710
044340
030530
097780
066700
205470
061970
253840
074600
228760
082920
038500
208340
100120
222800
038540
265520
099190
038290
052020
087010
073490
025770
226950
290510
183300
034950
140860
017890
104830
089030
051370
194700
298060
950180
093320
078590
039860
060150
043150
207760
228670
013120
136480
148150
089970
143160
100130
023900
237880
059090
131390
244460
109820
111710
123420
299660
023410
222080
018290
060570
175250
035810
300120
050890
239610
166480
119610
052710
065530
214260
036930
010170
137400
143240
092730
220630
179900
011040
131290
086390
064550
084650
243840
216050
039440
234340
036800
270870
078020
288330
086820
200670
039560
089600
110790
064260
200710
288620
057500
040350
047310
045970
161580
082800
067080
251370
065680
142280
092130
236200
095340
033500
148140
282880
189300
040910
067000
191420
041190
225570
317330
060280
216080
053610
063570
256940
115180
217730
015750
041830
121600
006620
125210
035890
232140
121440
206650
091120
067290
201490
079940
032850
025320
121800
089010
067900
031330
049950
278650
234690
144960
045520
263690
016250
052400
058400
014620
155650
054780
115960
042520
123860
080420
302430
018120
037070
049070
054950
290670
289080
091590
065450
023160
080160
306040
060590
104480
072520
251970
083550
009520
302550
051500
228850
136540
226330
123040
264450
053300
036200
086890
238090
241790
095190
054620
050110
139670
023910
067990
018000
043610
074430
109960
061040
083450
067280
225530
130580
036890
013030
180400
049180
071200
290720
256630
036030
067170
950110
078150
045100
065950
255440
200780
063080
051160
054050
037460
215360
054670
311690
203650
214180
108790
033160
036630
001540
126880
030960
099320
012700
122450
203690
007820
176440
058110
053980
237820
106240
027050
041920
256840
060900
142760
085370
049960
072020
950170
036190
027360
023760
263700
068930
077360
037950
092070
083660
100590
195990
101160
064290
086980
090850
171120
214430
061250
083310
096240
122310
041910
031980
090360
090740
034940
066310
005160
159580
042370
012790
086040
138690
299900
297890
217270
079370
065650
053950
024950
019210
067310
151860
260660
241820
065170
052330
100700
185490
160980
281740
126700
108490
109740
100790
102120
044490
131030
094480
054800
011320
118990
160550
060230
099220
148250
052420
048550
263600
222040
036120
021320
041460
047820
073560
260930
120240
090470
138580
065130
042420
046210
014470
158430
305090
227950
043220
131400
110990
353810
027710
035080
182360
229000
046140
297090
014570
312610
064800
073640
099750
034810
005990
290380
223250
137950
211270
004650
187870
014970
072870
187420
307930
093920
023600
042510
057030
043370
052670
035620
058610
007330
065060
068790
241690
048870
205100
206560
060240
239340
039340
100090
038880
080000
064240
086960
033320
138610
050760
051360
252500
950130
018310
033310
038340
038390
036670
033560
251630
179290
024810
068330
002800
108380
083930
241770
241710
087260
214270
096630
082210
088290
046940
069920
068940
038460
060310
091580
322510
052790
007720
033540
005710
306620
064820
208640
009300
080720
149950
195500
204630
065150
067390
190510
045660
066620
054450
072470
290550
299910
078140
124500
215100
041930
198440
138360
242040
023770
042040
318010
141000
225330
053590
036560
024060
104460
003100
062970
246710
198080
033340
200470
007680
069540
950140
303030
222420
020710
065710
257370
057680
289010
047770
043090
259630
038680
013990
049480
234100
225190
066980
066590
156100
026150
036260
122350
079960
011370
039830
008290
093190
016600
089890
073570
050120
094940
015710
035610
069510
019550
065350
071460
060560
285490
109610
056360
114810
204620
013310
045060
900290
065560
040420
194480
089140
226360
014200
054210
054920
900250
073110
217600
094860
084730
122640
263800
043340
069110
115440
060370
290740
057540
053280
263770
217480
137940
049520
051490
114450
043200
079190
220260
171010
111870
170790
095270
006050
016790
022220
094170
001840
044960
196490
038070
253590
052860
080220
058630
038870
123010
095500
192250
078890
092870
215380
088910
117670
173940
053350
081150
322180
066130
101330
033230
065510
033100
094360
056080
238200
095910
071670
089230
102210
044480
274090
006910
267790
256150
008800
038060
142210
308100
900310
127120
065620
002230
053620
123410
104540
056700
040160
222110
018680
049720
033830
079810
013810
317120
078860
043910
182690
264660
214680
004780
021080
250060
009780
012860
178780
109860
106190
133750
006580
072990
119850
007370
051380
037330
193250
083640
024120
047920
294630
048910
900100
064520
131090
255220
032790
032820
217330
101240
226340
115160
300080
238120
033130
170920
105740
140070
033200
025440
115480
017650
065940
083500
071280
123570
094820
032680
088130
265560
267320
048430
042940
225430
054090
040300
900340
063440
140670
042500
019010
049430
189980
250930
131760
041520
053700
217820
238490
290660
241840
047080
104200
072770
327260
005860
019660
086670
094850
103840
006140
027830
063170
219420
170030
186230
056730
025550
039020
206400
089150
220100
177830
043650
091340
119830
047560
196300
092460
004590
090710
024880
031860
036170
149980
057880
187220
078350
290120
032800
221840
126600
052460
031310
208860
174880
067570
041020
066360
224060
037760
065370
221610
052220
069410
131100
066900
222980
108860
088390
220180
215790
150840
046120
217500
037030
018620
263920
286750
106520
189690
032940
001000
045510
066670
073010
196450
049080
293580
115570
041440
032980
018700
053450
059210
083650
089790
016100
111820
046070
017510
104620
219750
205500
038950
318000
044060
101730
126870
036710
124560
073070
234300
313760
033170
307180
090410
037370
218150
277070
096040
250000
062860
219550
270520
097800
143540
115310
027040
036640
101000
100660
272110
046390
039290
900300
041590
900270
042110
115500
053260
246690
066410
039010
093520
099440
065570
052300
039610
024800
051780
037350
014940
036620
100030
011560
036480
052900
171090
023440
037230
039670
258610
010280
147760
049830
071850
014190
023460
049630
097870
039420
017480
080010
219130
019590
900260
241520
317830
258830
096350
068050
076610
000440
311390
036010
024830
016670
024740
168330
050860
036090
038530
226440
264850
043290
094840
032750
037440
021040
092600
230980
012340
224110
136510
080470
115530
204020
078940
246960
036000
099410
046110
005670
048470
010470
246720
036690
048770
067920
014100
078650
086060
032580
106080
213090
079650
053110
039310
208370
039980
290270
317770
317870
010240
063760
080520
310200
221980
089850
208710
073540
079970
008370
217620
027580
053290
019540
263860
234920
025950
049550
277410
147830
082850
128660
054540
114190
046970
215480
054930
050320
117730
066910
208140
049120
109080
105330
006920
046310
153490
065770
089530
070590
204840
258790
131180
092300
227610
059120
190650
086250
060540
104040
900280
060260
030350
035460
123750
091970
094970
067010
101400
052600
317850
001810
114630
228340
203450
020180
096610
075130
039240
043710
065420
154030
263810
053050
051390
054940
002680
042600
237750
075970
208350
031510
050090
101930
040610
003310
150900
131220
024840
021650
050960
080530
105550
123840
054300
033050
204990
066790
056090
044180
085910
038010
025870
060480
054040
297570
126640
053270
032540
079950
096690
140520
269620
038620
223310
026040
017250
012620
091440
187790
054180
067730
127710
019570
064090
070300
045890
263020
101170
065440
138070
184230
141070
064480
212560
159910
127160
081580
054630
222810
060300
053160
079000
065690
043590
008470
009730
045300
083470
130500
254120
139050
019990
128540
177350
024850
028080
038110
007770
076080
119500
065500
032960
016920
099520
275630
002290
052770
032080
122690
017000
191410
154040
197140
189860
098120
029480
215090
153460
064510
035290
049470
025880
021880
080580
101390
085670
087600
900070
032280
059100
317530
093640
051980
082660
072950
019770
069140
226400
134060
123330
279600
225590
192390
085810
035200
090150
079170
024910
096640
056000
217190
073190
087730
058420
009620
187270
033110
048830
161570
060380
093380
045340
173130
037400
054220
066110
900110
900120
900080
114120
110020
033430
066430
098660
008830
115610
044780
043100
196700
227100
023790
181340
058450
130740
175140
020400
053660
036180
084180
214310
058530
067770
043260
039740
024940
054410
134580
039230
141020
101670
043360
011080
007530
026910
121850
319400
013720
263540
273060
096870
101680
323940
291230
033790
103230
113810
339950
340360
052190
194510
032860
342550
328380
317320
028040
069330
277480
261200
053060
336060
340350
336570
317030
050540
058220
038160
307070
291210
320000
332290
307750
307160
333050
340120
192410
335890
341160
309930
307870
340440
313750
160600
226350
322780
281410
299170
317240
332710
333430
351320
330990
323230
337450
344050
353190
287410
195440
331380
331520
329560
307280
033600
311270
349720
279410
