005930
000660
207940
005935
035420
068270
051910
005380
051900
028260
006400
012330
017670
005490
036570
035720
055550
105560
015760
034730
000270
018260
033780
003550
032830
090430
096770
066570
000810
251270
010950
009150
086790
010130
011170
069500
009540
316140
030200
032640
035250
180640
002790
018880
021240
024110
271560
034220
086280
088980
267250
078930
122630
097950
000720
006800
029780
000100
102110
012750
139480
128940
000120
008770
011070
003670
010140
161390
004990
004020
005830
071050
000210
016360
282330
005940
023530
007070
003410
012510
004170
005387
036460
009830
028050
047810
241560
001450
001040
081660
000080
011780
030000
003490
007310
006280
006360
042660
008930
008560
004370
047050
020150
028670
157450
039490
252670
011790
026960
153130
017800
138930
003000
000060
069960
088350
007700
005385
051600
009240
004800
148020
031430
051905
138040
233740
000880
002380
181710
047040
010620
009420
001740
019170
204320
294870
273130
051915
012450
010120
006260
292150
111770
214320
278540
069620
005690
005250
278530
000990
011200
102780
064350
034020
009410
000240
185750
161890
285130
570019
011210
114090
000670
073240
010060
042670
014680
003520
192080
293180
013890
003690
175330
020560
330590
001800
004000
272210
336370
003240
192820
280360
139130
307950
005300
284740
114800
016380
120110
241590
010780
032350
214980
057050
310970
005440
003230
006040
170900
023590
034310
033660
018250
003090
049770
085620
005850
007570
000150
018670
052690
090435
001680
069260
008060
550057
152100
093370
192400
001060
006650
115390
039130
005610
008350
229200
002350
105190
020000
014820
002320
003850
001630
001440
036420
071840
005180
000640
064960
261220
012630
069660
001120
079550
089590
103140
210980
006120
009970
298020
079160
082640
001820
112610
003540
084680
315930
000400
286940
003470
530060
011000
126560
006060
034830
008490
005880
105630
001720
033180
027410
009450
002270
000815
226490
000070
006390
003060
268280
019680
004490
00680K
271980
145720
001230
094800
336260
097230
071320
017810
190620
093050
025860
042700
145990
293480
295040
272580
024720
007460
017390
108670
066575
010050
053210
122900
015350
281820
072710
294400
008730
003530
251340
306540
034120
095720
139260
002960
251350
005500
267270
096760
272450
026890
192650
001430
060980
232080
001725
016800
014830
088260
002390
293940
300720
298050
000480
025540
226320
037560
002240
002840
249420
003220
009290
298000
213500
033270
530031
000050
002210
081000
004690
001520
002780
006840
068400
000140
004700
001510
00279K
012690
002310
017960
123890
001880
002990
152330
315960
029530
016580
004430
001360
000370
195870
006490
011280
002150
012610
234080
101060
003120
078520
267260
900140
005070
308170
123690
002100
007340
007690
005720
058650
130680
322000
003920
025000
302450
00088K
138250
030610
009680
344820
068290
017940
037710
003300
006405
016590
002810
003580
183190
036530
001500
003560
005810
700001
004380
084690
272550
00104K
000020
003545
530038
229640
102460
002620
005420
003620
204480
001130
009580
161000
101530
500032
016450
031440
000970
070960
161510
298690
168580
035510
015360
092230
148070
192090
029460
001200
001940
550056
214390
500019
007810
003570
074610
003070
000430
079430
214420
145210
002030
002020
004710
071055
133690
079980
091810
104700
001270
015860
136490
033920
095570
332930
094280
005960
063160
000540
009460
245710
004360
011760
044450
270810
010955
003350
028100
000700
011930
150460
001390
009160
102260
001790
196230
091090
016710
168490
267850
004970
002170
132030
282690
077500
001530
005389
005680
004980
005390
002720
128820
036580
084010
298040
143860
275980
007110
004960
004540
078000
000155
500031
004150
016610
520026
027390
003555
030210
139280
004310
007160
009155
004060
000680
011150
005945
090350
021050
102280
024090
013580
044820
003200
143210
005090
002450
001780
097955
000390
332940
012030
002795
027740
002700
008040
143850
122090
017180
100250
001250
033240
015590
015890
039570
003460
117580
007660
325020
009270
077970
248170
035150
002900
011390
000320
306200
278240
005740
152550
510011
02826K
003960
267770
001340
008700
004250
138490
000215
004890
273140
000520
075580
001460
014160
003030
004770
101140
005950
093230
011810
317400
006380
100840
277630
001290
008970
014530
004200
000890
002460
034590
002760
33637K
010960
013520
082740
001070
004560
000490
017900
233160
013570
000860
144620
530013
120030
005430
023450
500045
011330
089470
190160
002360
194370
130660
267290
107590
012800
332500
067830
009320
200880
225040
025620
003830
000180
264900
003650
001570
134380
000230
014790
019175
006220
014990
100220
111110
025560
003160
003480
014580
020120
252710
007210
007980
007540
118000
033530
004080
214330
001260
292190
006980
004720
500027
096775
019440
144600
007860
338100
004870
009470
092440
009200
580009
012160
010600
031820
092220
002600
005190
004450
001045
114260
325010
016880
035000
020760
000650
023000
103590
210540
034300
001470
021820
053690
009440
004840
002880
007590
012200
03473K
004270
010690
001550
003080
010820
084670
058730
003547
016090
227840
005110
013870
083420
017040
011785
219480
000220
001750
328370
032560
002410
329200
026940
005800
002630
037270
016740
272560
004440
005870
055490
282000
002070
008600
003610
134790
011690
017550
006740
105840
047400
058850
002200
245360
025750
000300
085310
014280
075180
305540
002300
010040
006090
009310
058430
000850
023150
014710
295000
285000
002920
017370
004910
336160
012280
011500
009070
136340
002140
009810
195930
004140
000500
006340
004090
015540
015230
071970
069460
090080
270800
000105
012320
058860
305720
163560
156080
004410
119650
261240
009770
155660
041650
044380
005750
027970
009190
006890
182480
006370
006570
169950
227830
580010
005360
008250
000590
001560
092200
014130
023800
078935
292500
292050
266360
033250
091170
005320
001080
001020
069730
090370
007120
305080
133820
122260
010660
014440
011090
123310
001380
152870
019685
013700
003010
279530
008870
302190
008260
005010
007630
001275
013360
129260
072130
010400
006660
092780
013000
580006
019180
283580
006805
550001
530053
024890
580007
337140
530037
580008
010100
00499K
570030
011700
570029
28513K
002870
023350
114820
266370
003465
123320
003780
33626K
120115
007610
337150
570045
007280
010770
008420
217780
091160
004830
130730
096300
33637L
102970
001140
157490
000910
006880
001620
025820
000040
002710
155900
005305
006110
004100
018470
123700
030720
195980
008110
550002
145270
530036
114100
069640
025530
500037
011420
292160
008775
051630
252420
500029
002820
261250
272910
510008
009180
005450
003720
093240
114470
005820
000760
002220
252400
500020
084870
001210
276970
550058
500022
530055
099140
071950
520004
550009
500014
530023
243880
223190
091230
204450
014910
272570
570022
500003
590010
024070
304770
172580
000157
071090
023810
174360
003280
159650
570046
023960
049800
012170
024900
018500
570043
590009
137610
316670
088790
015020
590007
333960
103130
500009
550008
030790
266410
010640
500016
530019
010420
500024
530014
009140
520009
333980
003680
205720
138230
530015
195920
108450
277650
305050
001420
295820
510010
278620
18064K
332620
176950
001770
245340
500035
33626L
590018
213610
590016
006200
003475
002690
550014
263190
011230
510001
590008
590005
530005
590017
011300
530065
520014
530067
332610
550033
304780
500028
174350
500008
225800
550044
006125
329750
310960
211900
520012
331910
277640
217790
590003
250780
227570
520021
329650
590006
590004
001465
520003
204210
152500
304940
015260
002420
500018
333940
153360
000950
570003
140910
230480
520006
333970
520011
010580
550026
520020
500030
152380
530021
114460
261120
500042
003925
108675
00806K
530017
139270
500047
003495
219390
530020
269540
530012
289040
500046
219900
004365
500017
147970
500002
012600
530066
590013
251590
237370
590012
500051
301440
137930
530016
253250
500039
304760
108590
292730
500007
292750
253160
091180
500053
244580
009415
510007
520013
570027
550004
322410
550047
000087
500050
210780
500001
520007
550011
001685
337120
237350
227540
550005
276650
570009
530022
225130
229720
570026
182490
005030
500054
550007
520015
025890
004920
550013
109070
256750
570044
500015
261260
550012
530018
500036
005257
277540
281990
002355
500023
226980
570008
304660
342140
276990
117700
248270
550043
500006
550018
019490
500041
530011
530064
252730
285690
183700
590011
550006
287180
530009
279540
314250
167860
530033
500010
211560
309230
003415
550046
261140
530002
550045
570023
500005
200250
530032
550010
550016
208470
266160
248260
520010
500026
284430
008500
139250
185680
530008
251600
153270
139230
261060
570021
550041
500011
530006
237440
500013
530056
570028
570035
004255
152280
239660
570034
289480
500021
228790
520005
225030
140950
570037
530061
005725
500044
008355
329660
000075
316300
570038
329670
306520
550055
253230
269420
203780
315270
266420
500049
000725
004835
009835
143460
280320
530007
500048
510004
500043
570025
001515
000885
500052
550015
244620
275300
570036
570032
500012
104520
168300
007815
570042
333950
145995
241180
510009
256440
000225
007575
004105
276000
292560
550053
280930
308620
322130
346000
250730
253290
002025
253150
225050
275290
570031
261110
139660
105780
267490
104530
271050
012205
247800
306950
570020
261270
217770
326240
334690
300950
001745
292570
266550
083380
319640
253280
302170
510005
117680
140700
510003
083370
228820
260200
183710
500025
238720
291620
302200
159800
570024
272220
253990
138520
550042
101280
530003
307010
002995
302180
267440
236350
265690
530004
100910
001795
003535
280920
307020
181480
306960
117690
252720
247790
200030
291630
500040
307510
253240
220130
131890
004415
160580
322150
337160
530062
322400
004545
319870
326230
260270
234310
243890
272230
215620
006345
261070
117460
011155
298340
099340
292580
014915
302210
550052
245350
530063
500038
291680
176710
307620
014825
342600
145850
342500
289670
244660
301410
138920
342610
241390
342620
005745
510006
292340
252650
287330
000145
269530
238670
196030
271060
139320
139220
296710
213630
166400
192720
010145
290130
289250
252410
310080
292590
102960
298770
306530
170350
510002
251890
004985
267300
307610
145670
189400
292100
291130
275540
090355
26490K
292770
307520
003075
225060
218420
290080
550054
292130
266390
299080
228810
004565
211260
139290
289260
211210
084695
322120
291660
275280
261920
140580
530010
247780
321410
299070
267450
138910
099350
314700
269370
098560
014285
000995
002785
275750
001065
500004
315480
138540
301400
002787
309210
140570
138530
226380
292120
304670
005965
252000
266140
000545
256450
280940
292140
309190
295020
157500
300640
300300
291610
227560
016385
244670
139240
287310
000547
001755
001067
00781K
105010
287320
091220
300310
292110
287300
000325
291890
334700
267500
300290
001525
009275
227550
000227
222200
228800
222180
195970
285020
097750
001527
284980
285010
236460
300280
139310
001529
140710
278420
309170
300610
284990
309180
222190
283930
309200
196220
